331, 351, 371, 413, 433, 453, 497, 511, 525, 543, 557, 612, 622, 632, 664, 686, 696, 706, 738, 760, 780, 800, 
820, 840, 860, 938, 958, 978, 1010, 1030, 1050, 1094, 1108, 1122, 1140, 1154, 1211, 1221, 1231, 1263, 1285, 1295,
1305, 1337, 1359, 1379, 1399, 1419, 1439, 1459, 1519, 1539, 1559, 1579, 1599, 1619, 1639, 1659, 1679,
1699, 1719, 1739, 1759, 1779, 1799, 1819, 1839, 1859, 1879, 1899, 1919, 1939, 1959, 1979, 1999, 2019,
2039, 2059, 2079, 2099, 2119, 2169, 2185, 2201, 2217, 2233, 2249, 2265, 2315, 2331, 2347, 2363, 2379,
2395, 2411, 2461, 2477, 2493, 2509, 2525, 2541, 2557, 2607, 2627, 2647, 2667, 2687, 2707, 2727, 2747, 
2767, 2787, 2807, 2827, 2847, 2867, 2887, 2907, 2927, 2947, 2967, 2987, 3007, 3027, 3047, 3067, 3087,
3107, 3127, 3147, 3167, 3187, 3207, 3233, 3253, 3273, 3373, 3413, 3453, 3473, 3519, 3533, 3547, 3565,
3579, 3632, 3642, 3652, 3684, 3706, 3716, 3726, 3758, 3780, 3800, 3820, 3840, 3860, 3880 3956, 3996,
4036, 4056, 4102, 4120, 4136, 4156, 4172, 4217, 4227, 4237, 4269, 4291, 4301, 4311, 4343, 4365, 4385,
4405, 4425, 4445, 4465, 4525, 4535, 4545, 4577, 4599, 4609, 4619, 4651, 4673, 4693, 4713, 4733, 4753, 
4773, 4833 (lab 197)